0
0
0
0
0
0
0
0
0
0
0
0
0
0
0
0
0
0
0
0
0
0
0
0
0
0
0
0
0
0
0
0
0
0
0
0
0
0
0
0
0
0
0
0
0
0
0
0
0
0
0
0
0
0
0
0
0
178
0
185
171
161
163
165
166
170
168
186
175
0
114
101
99
100
107
107
114
113
136
109
119
157
188
157
0
92
9
11
0
9
13
12
16
18
46
21
10
13
16
0
114
244
290
293
308
307
311
297
317
0
0
0
0
0
0
0
0
0
0
0
0
0
0
22
29
0
0
0
0
0
0
0
0
0
0
0
0
0
33
32
0
0
0
0
0
0
0
0
0
0
0
0
0
0
0
0
0
0
0
0
0
0
0
0
0
0
0
0
0
0
0
0
0
0
0
0
0
0
0
0
0
0
0
0
0
0
0
0
0
0
0
0
12
6
7
8
10
10
11
9
18
0
59
48
57
57
50
49
52
54
57
55
70
76
73
75
80
82
83
85
89
95
21
14
18
20
9
9
7
6
8
10
11
10
11
16
18
17
22
19
20
27
24
87
107
112
114
120
126
149
143
168
172
0
0
0
0
0
0
389
421
0
0
0
0
0
0
0
0
0
0
0
0
0
0
0
0
0
0
0
0
0
0
0
0
0
0
0
0
0
0
0
0
0
0
0
0
0
0
0
0
0
17
14
23
20
16
0
0
0
0
0
0
0
628
0
0
0
0
0
0
0
0
0
0
0
0
0
0
0
0
0
0
0
0
0
0
0
0
0
0
0
0
0
0
0
0
0
0
0
0
0
0
0
0
0
0
0
0
0
0
0
0
0
413
0
0
0
0
0
775
29
27
20
18
20
20
19
12
21
11
7
7
6
10
18
29
33
721
24
27
0
0
0
0
13
7
4
7
1
6
10
15
3
6
5
13
7
4
8
6
3
3
19
0
0
0
0
0
0
0
0
0
0
18
24
25
0
0
0
0
0
0
0
0
0
0
20
22
0
0
0
0
0
0
0
0
0
0
0
0
0
0
0
0
0
0
0
0
0
0
0
14
15
12
14
13
15
15
24
17
23
29
30
26
23
21
18
17
13
11
9
13
19
0
0
0
0
10
8
0
0
0
0
0
0
0
0
0
0
0
0
0
0
0
0
0
0
0
0
0
0
0
0
0
0
0
0
0
0
0
0
0
0
0
0
16
10
7
0
0
0
0
0
0
0
19
13
22
36
42
28
42
22
30
31
22
18
26
5
0
8
24
38
28
37
39
27
30
25
17
19
11
12
8
8
15
20
13
4
15
6
7
8
3
11
14
9
8
19
16
20
16
16
16
18
17
12
12
20
22
31
29
34
28
21
24
0
0
0
0
0
0
0
0
0
0
0
3
12
18
20
13
15
18
20
31
0
0
0
0
19
18
12
3
1
8
8
10
13
13
10
18
15
14
27
23
26
32
25
35
23
21
21
14
18
0
0
0
0
13
2
0
0
0
0
0
0
0
44
25
21
0
0
0
0
28
24
22
22
23
51
39
47
45
38
42
39
16
11
14
13
15
10
12
5
732
3
0
0
0
0
13
37
39
37
18
0
0
0
0
30
0
0
0
0
0
0
0
34
0
0
0
0
31
17
10
4
21
6
4
20
8
19
21
36
40
54
44
36
31
38
35
24
29
33
51
44
56
55
55
56
52
54
55
61
48
793
17
14
21
12
18
24
19
11
12
7
15
14
9
6
9
7
7
4
3
6
8
43
35
42
45
51
47
44
45
49
47
48
44
42
45
819
43
16
20
18
15
17
18
12
8
13
16
20
19
821
21
43
29
820
0
28
20
24
28
19
21
19
14
18
42
30
23
37
37
45
20
38
38
40
34
0
185
235
240
222
213
0
0
0
0
0
0
0
0
0
0
0
0
0
0
0
0
0
0
0
0
0
0
0
0
0
0
0
0
0
0
0
0
0
0
0
0
39
35
734
30
30
16
28
28
23
26
25
24
43
45
44
39
37
46
45
40
37
42
32
36
62
72
68
66
60
63
54
49
58
86
71
0
73
70
71
89
74
42
38
0
0
0
0
17
18
24
22
14
17
17
8
20
17
17
21
26
26
26
30
26
23
19
14
16
18
17
15
0
17
9
23
752
51
52
53
53
56
51
54
67
74
75
77
77
84
85
93
99
105
93
103
114
130
119
126
134
130
126
144
137
136
131
148
137
144
150
153
151
152
154
154
154
163
167
169
168
0
0
0
0
174
172
0
0
0
0
0
0
0
0
0
0
0
0
0
0
0
0
0
0
0
0
0
0
0
0
0
0
0
0
0
0
0
601
591
601
551
471
0
0
0
0
0
0
23
22
15
22
0
164
187
184
197
198
204
209
204
173
0
0
0
0
0
0
0
0
0
0
0
0
0
0
0
0
0
0
0
0
0
0
0
0
0
0
0
0
0
0
0
0
0
0
0
0
0
0
0
0
0
0
0
0
0
0
0
0
0
0
0
0
0
0
0
0
0
0
0
0
0
0
0
0
0
0
0
0
0
0
0
0
0
251
0
0
0
0
0
0
0
0
0
0
0
0
0
0
0
49
52
57
56
57
56
70
70
69
74
72
630
628
26
5
15
17
16
29
32
13
17
19
24
26
67
78
109
621
120
0
0
0
0
0
0
0
0
0
0
0
0
0
0
0
0
0
0
0
0
0
0
0
0
0
0
0
0
0
0
0
0
0
0
0
0
0
0
0
0
0
0
0
0
0
0
0
0
0
0
0
0
0
0
0
0
0
0
0
0
0
0
0
0
0
0
0
0
0
0
0
0
0
0
0
0
0
0
0
0
0
0
0
0
0
0
0
0
0
0
0
0
0
0
0
0
0
0
0
0
0
0
0
0
0
0
0
0
0
0
0
0
0
0
0
0
0
0
0
0
0
0
0
0
0
0
0
0
0
0
0
0
0
0
0
0
0
0
0
0
0
0
0
0
0
0
0
0
0
0
0
0
0
0
0
0
0
0
0
0
0
0
0
0
0
0
0
0
0
0
0
0
0
0
0
0
0
0
0
0
0
0
0
0
0
0
0
0
0
0
0
0
0
0
0
0
0
0
0
0
0
0
0
0
0
0
0
0
0
0
0
0
0
0
0
0
0
0
0
0
0
0
0
0
0
0
0
0
0
0
0
0
0
0
0
0
0
0
0
0
0
0
0
0
0
0
0
0
0
0
0
0
0
0
0
0
0
0
0
0
0
0
0
0
0
0
0
0
0
0
0
0
0
0
0
0
0
0
0
0
0
0
0
0
0
0
0
203
208
206
213
0
0
0
0
0
273
265
286
299
307
307
338
340
345
359
371
111
47
33
0
0
0
0
0
0
0
0
0
0
0
0
0
43
38
40
39
35
38
75
74
83
87
96
93
87
84
16
0
0
0
0
0
0
0
0
0
0
0
0
0
0
0
11
18
20
18
22
20
20
713
116
0
0
0
0
0
0
59
18
13
8
21
30
27
30
17
24
26
24
24
65
92
92
92
102
98
98
119
170
169
174
738
187
196
204
211
201
209
205
146
37
743
31
733
23
31
0
0
0
0
0
0
0
0
0
0
0
0
0
35
39
39
36
40
39
42
39
41
40
39
37
40
0
41
42
45
47
50
57
57
61
61
59
66
57
65
65
68
29
52
172
182
197
200
200
203
202
219
275
0
0
0
0
0
0
0
0
0
0
0
0
0
0
0
0
0
0
0
0
0
0
0
0
0
0
0
0
0
0
0
0
0
0
0
0
0
0
0
0
0
0
0
0
0
0
0
0
0
0
0
0
0
0
0
